50
9
0.13 0.46 0.78 0.12 0.50 0.51 0.90 0.38 0.15
0.29 0.81 0.68 0.88 0.10 0.32 0.43 0.22 0.40
10
0.198 0.135 0.207 0.153 0.495 0.252 0.586 0.279 0.171 0.351
0.820 0.874 0.829 0.856 0.964 0.919 0.991 0.685 0.712 0.694
10
0.97 0.09 0.98 0.85 0.66 0.20 0.35 0.80 0.94 0.28
0.77 0.92 0.40 0.88 0.22 0.46 0.58 0.60 0.11 0.38
2
0.12 0.33
0.62 0.71
2
0.06 0.59
0.94 0.47
10
0.16 0.11 0.66 0.96 0.56 0.46 0.31 0.92 0.82 0.84
0.09 0.89 0.41 0.43 0.99 0.51 0.70 0.69 0.54 0.76
7
0.18 0.94 0.76 0.82 0.29 0.65 0.24
0.41 0.53 0.35 0.47 0.71 0.59 0.88
10
0.20 0.57 0.96 0.88 0.04 0.49 0.53 0.80 0.51 0.94
0.61 0.18 0.33 0.14 0.82 0.27 0.43 0.10 0.16 0.76
10
0.655 0.069 0.276 0.129 0.362 0.155 0.034 0.974 0.681 0.991
0.310 0.121 0.250 0.983 0.483 0.233 0.586 0.552 0.302 0.259
10
0.63 0.20 0.42 0.39 0.49 0.54 0.17 0.88 0.03 0.83
0.31 0.85 0.02 0.47 0.24 0.64 0.80 0.95 0.34 0.12
5
0.29 0.06 0.53 0.47 0.41
0.65 0.71 0.88 0.82 0.94
9
0.08 0.03 0.27 0.13 0.35 0.44 0.16 0.19 0.47
0.87 0.50 0.92 0.95 0.65 0.66 0.77 0.53 0.98
10
0.52 0.20 0.30 0.44 0.42 0.84 0.39 0.19 0.06 0.75
0.62 0.25 0.10 0.47 0.28 0.77 0.03 0.91 0.57 0.87
10
0.31 0.06 0.51 0.33 0.42 0.67 0.75 0.63 0.16 0.66
0.88 0.90 0.01 0.87 0.13 0.43 0.39 0.52 0.93 0.61
10
0.23 0.59 0.73 0.41 0.64 0.68 0.36 0.09 0.27 0.18
0.82 0.86 0.45 0.50 0.14 0.05 0.91 0.95 0.55 0.32
10
0.39 0.80 0.56 0.06 0.41 0.84 0.98 0.27 0.08 0.86
0.45 0.44 0.20 0.97 0.52 0.67 0.23 0.11 0.58 0.73
3
0.45 0.91 0.76
0.39 0.21 0.27
10
0.19 0.48 0.86 0.76 0.14 0.38 0.62 0.29 0.90 0.33
0.57 0.95 0.24 0.10 0.52 0.67 0.81 0.05 0.43 0.71
2
0.6 0.2
0.1 0.8
10
0.23 0.01 0.14 0.03 0.37 0.12 0.36 0.44 0.28 0.15
0.97 0.45 0.64 0.90 0.94 0.68 0.71 0.72 0.63 0.77
10
0.76 0.50 0.35 0.72 0.83 0.55 0.75 0.38 0.53 0.46
0.86 0.98 0.94 0.59 0.68 0.20 0.03 0.41 0.37 0.27
6
0.60 0.86 0.06 0.51 0.63 0.26
0.43 0.77 0.49 0.11 0.03 0.37
10
0.496 0.035 0.113 0.513 0.261 0.183 0.522 0.026 0.296 0.130
0.774 0.974 0.739 0.609 0.791 0.591 0.913 0.730 0.600 0.574
4
0.27 0.31 0.58 0.29
0.71 0.69 0.85 0.81
10
0.23 0.03 0.87 0.72 0.44 0.73 0.85 0.92 0.76 0.63
0.66 0.39 0.62 0.89 0.28 0.67 0.53 0.22 0.96 0.80
8
0.96 0.72 0.36 0.44 0.16 0.64 0.76 0.40
0.28 0.92 0.48 0.08 0.80 0.52 0.56 0.32
1
0.83
0.25
10
0.67 0.59 0.60 0.74 0.27 0.77 0.56 0.26 0.62 0.47
0.42 0.93 0.08 0.19 0.97 0.66 0.81 0.45 0.99 0.52
10
0.45 0.97 0.12 0.67 0.26 0.20 0.39 0.92 0.05 0.44
0.82 0.11 0.02 0.80 0.52 0.32 0.79 0.68 0.55 0.23
4
0.95 0.19 0.74 0.58
0.16 0.30 0.84 0.70
6
0.24 0.03 0.14 0.62 0.95 0.35
0.57 0.05 0.70 0.08 0.84 0.49
1
0.2
0.4
2
0.80 0.50
0.05 0.45
2
0.4 0.1
0.6 0.5
10
0.38 0.67 0.21 0.33 0.75 0.08 0.25 0.46 0.42 0.71
0.54 0.58 0.17 0.04 0.96 0.83 0.50 0.29 0.87 0.92
10
0.713 0.774 0.609 0.530 0.522 0.348 0.835 0.435 0.730 0.287
0.739 0.252 0.270 0.200 0.417 0.965 0.957 0.452 0.678 0.600
10
0.93 0.56 0.81 0.48 0.52 0.78 0.74 0.41 0.07 0.30
0.67 0.96 0.44 0.89 0.33 0.85 0.15 0.26 0.19 0.11
4
0.46 0.03 0.51 0.35
0.76 0.54 0.97 0.89
5
0.91 0.89 0.64 0.68 0.80
0.25 0.50 0.59 0.39 0.20
10
0.51 0.47 0.88 0.53 0.42 0.37 0.77 0.09 0.58 0.28
0.49 0.26 0.95 0.14 0.93 0.19 0.44 0.30 0.56 0.63
10
0.64 0.27 0.51 0.79 0.30 0.88 0.60 0.01 0.09 0.21
0.72 0.78 0.96 0.84 0.74 0.31 0.37 0.80 0.52 0.05
2
0.38 0.44
0.69 0.50
10
0.88 0.49 0.15 0.80 0.72 0.75 0.24 0.20 0.87 0.28
0.29 0.63 0.52 0.77 0.99 0.32 0.25 0.27 0.11 0.48
10
0.41 0.84 0.30 0.55 0.28 0.38 0.91 0.36 0.14 0.45
0.67 0.80 0.16 0.22 0.33 0.48 0.17 0.08 0.83 0.95
9
0.41 0.33 0.89 0.85 0.84 0.90 0.57 0.51 0.81
0.10 0.24 0.07 0.19 0.04 0.09 0.11 0.30 0.01
10
0.106 0.097 0.062 0.035 0.133 0.283 0.088 0.204 0.212 0.168
0.655 0.416 0.965 0.575 0.814 0.841 0.310 0.664 0.496 0.867
10
0.69 0.19 0.75 0.12 0.47 0.34 0.44 0.16 0.84 0.62
0.25 0.91 0.06 0.59 0.09 0.53 0.66 0.78 0.03 0.94
10
0.49 0.86 0.30 0.38 0.28 0.43 0.13 0.90 0.97 0.35
0.11 0.05 0.03 0.09 0.15 0.44 0.33 0.94 0.95 0.08
10
0.198 0.538 0.208 0.783 0.009 0.217 0.123 0.406 0.311 0.255
0.519 0.330 0.613 0.906 0.264 0.340 0.425 0.104 0.698 0.953
6
0.85 0.96 0.69 0.65 0.58 0.62
0.35 0.23 0.31 0.46 0.08 0.15
